41172, 41172, 41172, 41172, 41172, 41172, 41172, 41172, 41172
41172, 41172, 41172, 41172, 41172, 41172, 41172, 41172, 41172
41172, 41172, 41172, 41172, 41172, 41172, 41172, 41172, 41172
41172, 41172, 41172, 41172, 41172, 41172, 41172, 41172, 41172
41172, 41172, 41172, 41172, 41172, 41172, 41172, 41172, 41172
41172, 41172, 41172, 41172, 41172, 41172, 41172, 41172, 41172
41172, 41172, 41172, 41172, 41172, 41172, 41172, 41172, 41172
41172, 41172, 41172, 41172, 41172, 41172, 41172, 41172, 41172
41172, 41172, 41172, 41172, 43270, 43270, 41172, 41172, 41172
41172, 41172, 41172, 41172, 43270, 43270, 41172, 41172, 41172
41172, 41172, 41172, 41172, 43270, 43270, 41172, 41172, 41172
41172, 41172, 41172, 41172, 43270, 43270, 41172, 41172, 41172
41172, 41172, 41172, 41172, 41172, 41172, 41172, 41172, 41172
41172, 41172, 41172, 41172, 41172, 41172, 41172, 41172, 41172
41172, 41172, 41172, 41172, 41172, 41172, 41172, 41172, 41172
41172, 41172, 41172, 41172, 41172, 41172, 41172, 41172, 41172
41172, 41172, 41172, 41172, 41172, 41172, 41172, 41172, 41172
41172, 41172, 41172, 41172, 41172, 41172, 41172, 41172, 41172
41172, 41172, 41172, 41172, 41172, 41172, 41172, 41172, 41172
41172, 41172, 41172, 41172, 41172, 41172, 41172, 41172, 41172
41172, 41172, 41172, 41172, 41172, 41172, 41172, 41172, 41172
41172, 41172, 41172, 41172, 41172, 41172, 41172, 41172, 41172
