48631.5, 48631.5, 48631.5, 48631.5, 48631.5, 48631.5, 48631.5, 48631.5, 48631.5
48631.5, 48631.5, 48631.5, 48631.5, 48631.5, 48631.5, 48631.5, 48631.5, 48631.5
48631.5, 48631.5, 48631.5, 48631.5, 48631.5, 48631.5, 48631.5, 48631.5, 48631.5
48631.5, 48631.5, 48631.5, 48631.5, 48631.5, 48631.5, 48631.5, 48631.5, 48631.5
48631.5, 48631.5, 48631.5, 48631.5, 48631.5, 48631.5, 48631.5, 48631.5, 48631.5
48631.5, 48631.5, 48631.5, 48631.5, 48631.5, 48631.5, 48631.5, 48631.5, 48631.5
48631.5, 48631.5, 48631.5, 48631.5, 48631.5, 48631.5, 48631.5, 48631.5, 48631.5
48631.5, 48631.5, 48631.5, 48631.5, 48631.5, 48631.5, 48631.5, 48631.5, 48631.5
48631.5, 48631.5, 48631.5, 48631.5, 48631.5, 48631.5, 48631.5, 48631.5, 48631.5
48631.5, 48631.5, 48631.5, 48631.5, 48631.5, 48631.5, 48631.5, 48631.5, 48631.5
48631.5, 48631.5, 48631.5, 48631.5, 48631.5, 48631.5, 48631.5, 48631.5, 48631.5
48631.5, 48631.5, 48631.5, 48631.5, 48631.5, 48631.5, 48631.5, 48631.5, 48631.5
48631.5, 48631.5, 48631.5, 48631.5, 48631.5, 48631.5, 48631.5, 48631.5, 48631.5
48631.5, 48631.5, 48631.5, 48631.5, 48631.5, 48631.5, 48631.5, 48631.5, 48631.5
48631.5, 48631.5, 48631.5, 48631.5, 48631.5, 48631.5, 48631.5, 48631.5, 48631.5
48631.5, 48631.5, 48631.5, 48631.5, 48631.5, 48631.5, 48631.5, 48631.5, 48631.5
48631.5, 48631.5, 48631.5, 48631.5, 48631.5, 48631.5, 48631.5, 48631.5, 48631.5
48631.5, 48631.5, 48631.5, 48631.5, 48631.5, 48631.5, 48631.5, 48631.5, 48631.5
48631.5, 48631.5, 48631.5, 48631.5, 48631.5, 48631.5, 48631.5, 48631.5, 48631.5
48631.5, 48631.5, 48631.5, 48631.5, 48631.5, 48631.5, 48631.5, 48631.5, 48631.5
48631.5, 48631.5, 48631.5, 48631.5, 48631.5, 48631.5, 48631.5, 48631.5, 48631.5
48631.5, 48631.5, 48631.5, 48631.5, 48631.5, 48631.5, 48631.5, 48631.5, 48631.5
