42922.1, 42922.1, 42922.1, 42922.1, 42922.1, 42922.1, 42922.1, 42922.1, 42922.1
42922.1, 42922.1, 42922.1, 42922.1, 42922.1, 42922.1, 42922.1, 42922.1, 42922.1
42922.1, 42922.1, 42922.1, 42922.1, 42922.1, 42922.1, 42922.1, 42922.1, 42922.1
42922.1, 42922.1, 42922.1, 42922.1, 42922.1, 42922.1, 42922.1, 42922.1, 42922.1
42922.1, 42922.1, 42922.1, 42922.1, 42922.1, 42922.1, 42922.1, 42922.1, 42922.1
42922.1, 42922.1, 42922.1, 42922.1, 42922.1, 42922.1, 42922.1, 42922.1, 42922.1
42922.1, 42922.1, 42922.1, 42922.1, 42922.1, 42922.1, 42922.1, 42922.1, 42922.1
42922.1, 42922.1, 42922.1, 42922.1, 42922.1, 42922.1, 42922.1, 42922.1, 42922.1
42922.1, 42922.1, 42922.1, 42922.1, 45109.2, 45109.2, 42922.1, 42922.1, 42922.1
42922.1, 42922.1, 42922.1, 42922.1, 45109.2, 45109.2, 42922.1, 42922.1, 42922.1
42922.1, 42922.1, 42922.1, 42922.1, 45109.2, 45109.2, 42922.1, 42922.1, 42922.1
42922.1, 42922.1, 42922.1, 42922.1, 45109.2, 45109.2, 42922.1, 42922.1, 42922.1
42922.1, 42922.1, 42922.1, 42922.1, 42922.1, 42922.1, 42922.1, 42922.1, 42922.1
42922.1, 42922.1, 42922.1, 42922.1, 42922.1, 42922.1, 42922.1, 42922.1, 42922.1
42922.1, 42922.1, 42922.1, 42922.1, 42922.1, 42922.1, 42922.1, 42922.1, 42922.1
42922.1, 42922.1, 42922.1, 42922.1, 42922.1, 42922.1, 42922.1, 42922.1, 42922.1
42922.1, 42922.1, 42922.1, 42922.1, 42922.1, 42922.1, 42922.1, 42922.1, 42922.1
42922.1, 42922.1, 42922.1, 42922.1, 42922.1, 42922.1, 42922.1, 42922.1, 42922.1
42922.1, 42922.1, 42922.1, 42922.1, 42922.1, 42922.1, 42922.1, 42922.1, 42922.1
42922.1, 42922.1, 42922.1, 42922.1, 42922.1, 42922.1, 42922.1, 42922.1, 42922.1
42922.1, 42922.1, 42922.1, 42922.1, 42922.1, 42922.1, 42922.1, 42922.1, 42922.1
42922.1, 42922.1, 42922.1, 42922.1, 42922.1, 42922.1, 42922.1, 42922.1, 42922.1
