44130, 44130, 44130, 44130, 44130, 44130, 44130, 44130, 44130
44130, 44130, 44130, 44130, 44130, 44130, 44130, 44130, 44130
44130, 44130, 44130, 44130, 44130, 44130, 44130, 44130, 44130
44130, 44130, 44130, 44130, 44130, 44130, 44130, 44130, 44130
44130, 44130, 44130, 44130, 44130, 44130, 44130, 44130, 44130
44130, 44130, 44130, 44130, 44130, 44130, 44130, 44130, 44130
44130, 44130, 44130, 44130, 44130, 44130, 44130, 44130, 44130
44130, 44130, 44130, 44130, 44130, 44130, 44130, 44130, 44130
44130, 44130, 44130, 44130, 45919.9, 45919.9, 44130, 44130, 44130
44130, 44130, 44130, 44130, 45919.9, 45919.9, 44130, 44130, 44130
44130, 44130, 44130, 44130, 45919.9, 45919.9, 44130, 44130, 44130
44130, 44130, 44130, 44130, 45919.9, 45919.9, 44130, 44130, 44130
44130, 44130, 44130, 44130, 44130, 44130, 44130, 44130, 44130
44130, 44130, 44130, 44130, 44130, 44130, 44130, 44130, 44130
44130, 44130, 44130, 44130, 44130, 44130, 44130, 44130, 44130
44130, 44130, 44130, 44130, 44130, 44130, 44130, 44130, 44130
44130, 44130, 44130, 44130, 44130, 44130, 44130, 44130, 44130
44130, 44130, 44130, 44130, 44130, 44130, 44130, 44130, 44130
44130, 44130, 44130, 44130, 44130, 44130, 44130, 44130, 44130
44130, 44130, 44130, 44130, 44130, 44130, 44130, 44130, 44130
44130, 44130, 44130, 44130, 44130, 44130, 44130, 44130, 44130
44130, 44130, 44130, 44130, 44130, 44130, 44130, 44130, 44130
