46005.8, 46005.8, 46005.8, 46005.8, 46005.8, 46005.8, 46005.8, 46005.8, 46005.8
46005.8, 46005.8, 46005.8, 46005.8, 46005.8, 46005.8, 46005.8, 46005.8, 46005.8
46005.8, 46005.8, 46005.8, 46005.8, 46005.8, 46005.8, 46005.8, 46005.8, 46005.8
46005.8, 46005.8, 46005.8, 46005.8, 46005.8, 46005.8, 46005.8, 46005.8, 46005.8
46005.8, 46005.8, 46005.8, 46005.8, 46005.8, 46005.8, 46005.8, 46005.8, 46005.8
46005.8, 46005.8, 46005.8, 46005.8, 46005.8, 46005.8, 46005.8, 46005.8, 46005.8
46005.8, 46005.8, 46005.8, 46005.8, 46005.8, 46005.8, 46005.8, 46005.8, 46005.8
46005.8, 46005.8, 46005.8, 46005.8, 46005.8, 46005.8, 46005.8, 46005.8, 46005.8
46005.8, 46005.8, 46005.8, 46005.8, 46465.4, 46465.4, 46005.8, 46005.8, 46005.8
46005.8, 46005.8, 46005.8, 46005.8, 46465.4, 46465.4, 46005.8, 46005.8, 46005.8
46005.8, 46005.8, 46005.8, 46005.8, 46465.4, 46465.4, 46005.8, 46005.8, 46005.8
46005.8, 46005.8, 46005.8, 46005.8, 46465.4, 46465.4, 46005.8, 46005.8, 46005.8
46005.8, 46005.8, 46005.8, 46005.8, 46005.8, 46005.8, 46005.8, 46005.8, 46005.8
46005.8, 46005.8, 46005.8, 46005.8, 46005.8, 46005.8, 46005.8, 46005.8, 46005.8
46005.8, 46005.8, 46005.8, 46005.8, 46005.8, 46005.8, 46005.8, 46005.8, 46005.8
46005.8, 46005.8, 46005.8, 46005.8, 46005.8, 46005.8, 46005.8, 46005.8, 46005.8
46005.8, 46005.8, 46005.8, 46005.8, 46005.8, 46005.8, 46005.8, 46005.8, 46005.8
46005.8, 46005.8, 46005.8, 46005.8, 46005.8, 46005.8, 46005.8, 46005.8, 46005.8
46005.8, 46005.8, 46005.8, 46005.8, 46005.8, 46005.8, 46005.8, 46005.8, 46005.8
46005.8, 46005.8, 46005.8, 46005.8, 46005.8, 46005.8, 46005.8, 46005.8, 46005.8
46005.8, 46005.8, 46005.8, 46005.8, 46005.8, 46005.8, 46005.8, 46005.8, 46005.8
46005.8, 46005.8, 46005.8, 46005.8, 46005.8, 46005.8, 46005.8, 46005.8, 46005.8
