41747.3, 41747.3, 41747.3, 41747.3, 41747.3, 41747.3, 41747.3, 41747.3, 41747.3
41747.3, 41747.3, 41747.3, 41747.3, 41747.3, 41747.3, 41747.3, 41747.3, 41747.3
41747.3, 41747.3, 41747.3, 41747.3, 41747.3, 41747.3, 41747.3, 41747.3, 41747.3
41747.3, 41747.3, 41747.3, 41747.3, 41747.3, 41747.3, 41747.3, 41747.3, 41747.3
41747.3, 41747.3, 41747.3, 41747.3, 41747.3, 41747.3, 41747.3, 41747.3, 41747.3
41747.3, 41747.3, 41747.3, 41747.3, 41747.3, 41747.3, 41747.3, 41747.3, 41747.3
41747.3, 41747.3, 41747.3, 41747.3, 41747.3, 41747.3, 41747.3, 41747.3, 41747.3
41747.3, 41747.3, 41747.3, 41747.3, 41747.3, 41747.3, 41747.3, 41747.3, 41747.3
41747.3, 41747.3, 41747.3, 41747.3, 43874.6, 43874.6, 41747.3, 41747.3, 41747.3
41747.3, 41747.3, 41747.3, 41747.3, 43874.6, 43874.6, 41747.3, 41747.3, 41747.3
41747.3, 41747.3, 41747.3, 41747.3, 43874.6, 43874.6, 41747.3, 41747.3, 41747.3
41747.3, 41747.3, 41747.3, 41747.3, 43874.6, 43874.6, 41747.3, 41747.3, 41747.3
41747.3, 41747.3, 41747.3, 41747.3, 41747.3, 41747.3, 41747.3, 41747.3, 41747.3
41747.3, 41747.3, 41747.3, 41747.3, 41747.3, 41747.3, 41747.3, 41747.3, 41747.3
41747.3, 41747.3, 41747.3, 41747.3, 41747.3, 41747.3, 41747.3, 41747.3, 41747.3
41747.3, 41747.3, 41747.3, 41747.3, 41747.3, 41747.3, 41747.3, 41747.3, 41747.3
41747.3, 41747.3, 41747.3, 41747.3, 41747.3, 41747.3, 41747.3, 41747.3, 41747.3
41747.3, 41747.3, 41747.3, 41747.3, 41747.3, 41747.3, 41747.3, 41747.3, 41747.3
41747.3, 41747.3, 41747.3, 41747.3, 41747.3, 41747.3, 41747.3, 41747.3, 41747.3
41747.3, 41747.3, 41747.3, 41747.3, 41747.3, 41747.3, 41747.3, 41747.3, 41747.3
41747.3, 41747.3, 41747.3, 41747.3, 41747.3, 41747.3, 41747.3, 41747.3, 41747.3
41747.3, 41747.3, 41747.3, 41747.3, 41747.3, 41747.3, 41747.3, 41747.3, 41747.3
