47961.3, 47961.3, 47961.3, 47961.3, 47961.3, 47961.3, 47961.3, 47961.3, 47961.3
47961.3, 47961.3, 47961.3, 47961.3, 47961.3, 47961.3, 47961.3, 47961.3, 47961.3
47961.3, 47961.3, 47961.3, 47961.3, 47961.3, 47961.3, 47961.3, 47961.3, 47961.3
47961.3, 47961.3, 47961.3, 47961.3, 47961.3, 47961.3, 47961.3, 47961.3, 47961.3
47961.3, 47961.3, 47961.3, 47961.3, 47961.3, 47961.3, 47961.3, 47961.3, 47961.3
47961.3, 47961.3, 47961.3, 47961.3, 47961.3, 47961.3, 47961.3, 47961.3, 47961.3
47961.3, 47961.3, 47961.3, 47961.3, 47961.3, 47961.3, 47961.3, 47961.3, 47961.3
47961.3, 47961.3, 47961.3, 47961.3, 47961.3, 47961.3, 47961.3, 47961.3, 47961.3
47961.3, 47961.3, 47961.3, 47961.3, 47961.3, 47961.3, 47961.3, 47961.3, 47961.3
47961.3, 47961.3, 47961.3, 47961.3, 47961.3, 47961.3, 47961.3, 47961.3, 47961.3
47961.3, 47961.3, 47961.3, 47961.3, 47961.3, 47961.3, 47961.3, 47961.3, 47961.3
47961.3, 47961.3, 47961.3, 47961.3, 47961.3, 47961.3, 47961.3, 47961.3, 47961.3
47961.3, 47961.3, 47961.3, 47961.3, 47961.3, 47961.3, 47961.3, 47961.3, 47961.3
47961.3, 47961.3, 47961.3, 47961.3, 47961.3, 47961.3, 47961.3, 47961.3, 47961.3
47961.3, 47961.3, 47961.3, 47961.3, 47961.3, 47961.3, 47961.3, 47961.3, 47961.3
47961.3, 47961.3, 47961.3, 47961.3, 47961.3, 47961.3, 47961.3, 47961.3, 47961.3
47961.3, 47961.3, 47961.3, 47961.3, 47961.3, 47961.3, 47961.3, 47961.3, 47961.3
47961.3, 47961.3, 47961.3, 47961.3, 47961.3, 47961.3, 47961.3, 47961.3, 47961.3
47961.3, 47961.3, 47961.3, 47961.3, 47961.3, 47961.3, 47961.3, 47961.3, 47961.3
47961.3, 47961.3, 47961.3, 47961.3, 47961.3, 47961.3, 47961.3, 47961.3, 47961.3
47961.3, 47961.3, 47961.3, 47961.3, 47961.3, 47961.3, 47961.3, 47961.3, 47961.3
47961.3, 47961.3, 47961.3, 47961.3, 47961.3, 47961.3, 47961.3, 47961.3, 47961.3
