43521.8, 43521.8, 43521.8, 43521.8, 43521.8, 43521.8, 43521.8, 43521.8, 43521.8
43521.8, 43521.8, 43521.8, 43521.8, 43521.8, 43521.8, 43521.8, 43521.8, 43521.8
43521.8, 43521.8, 43521.8, 43521.8, 43521.8, 43521.8, 43521.8, 43521.8, 43521.8
43521.8, 43521.8, 43521.8, 43521.8, 43521.8, 43521.8, 43521.8, 43521.8, 43521.8
43521.8, 43521.8, 43521.8, 43521.8, 43521.8, 43521.8, 43521.8, 43521.8, 43521.8
43521.8, 43521.8, 43521.8, 43521.8, 43521.8, 43521.8, 43521.8, 43521.8, 43521.8
43521.8, 43521.8, 43521.8, 43521.8, 43521.8, 43521.8, 43521.8, 43521.8, 43521.8
43521.8, 43521.8, 43521.8, 43521.8, 43521.8, 43521.8, 43521.8, 43521.8, 43521.8
43521.8, 43521.8, 43521.8, 43521.8, 45739.5, 45739.5, 43521.8, 43521.8, 43521.8
43521.8, 43521.8, 43521.8, 43521.8, 45739.5, 45739.5, 43521.8, 43521.8, 43521.8
43521.8, 43521.8, 43521.8, 43521.8, 45739.5, 45739.5, 43521.8, 43521.8, 43521.8
43521.8, 43521.8, 43521.8, 43521.8, 45739.5, 45739.5, 43521.8, 43521.8, 43521.8
43521.8, 43521.8, 43521.8, 43521.8, 43521.8, 43521.8, 43521.8, 43521.8, 43521.8
43521.8, 43521.8, 43521.8, 43521.8, 43521.8, 43521.8, 43521.8, 43521.8, 43521.8
43521.8, 43521.8, 43521.8, 43521.8, 43521.8, 43521.8, 43521.8, 43521.8, 43521.8
43521.8, 43521.8, 43521.8, 43521.8, 43521.8, 43521.8, 43521.8, 43521.8, 43521.8
43521.8, 43521.8, 43521.8, 43521.8, 43521.8, 43521.8, 43521.8, 43521.8, 43521.8
43521.8, 43521.8, 43521.8, 43521.8, 43521.8, 43521.8, 43521.8, 43521.8, 43521.8
43521.8, 43521.8, 43521.8, 43521.8, 43521.8, 43521.8, 43521.8, 43521.8, 43521.8
43521.8, 43521.8, 43521.8, 43521.8, 43521.8, 43521.8, 43521.8, 43521.8, 43521.8
43521.8, 43521.8, 43521.8, 43521.8, 43521.8, 43521.8, 43521.8, 43521.8, 43521.8
43521.8, 43521.8, 43521.8, 43521.8, 43521.8, 43521.8, 43521.8, 43521.8, 43521.8
