45371.8, 45371.8, 45371.8, 45371.8, 45371.8, 45371.8, 45371.8, 45371.8, 45371.8
45371.8, 45371.8, 45371.8, 45371.8, 45371.8, 45371.8, 45371.8, 45371.8, 45371.8
45371.8, 45371.8, 45371.8, 45371.8, 45371.8, 45371.8, 45371.8, 45371.8, 45371.8
45371.8, 45371.8, 45371.8, 45371.8, 45371.8, 45371.8, 45371.8, 45371.8, 45371.8
45371.8, 45371.8, 45371.8, 45371.8, 45371.8, 45371.8, 45371.8, 45371.8, 45371.8
45371.8, 45371.8, 45371.8, 45371.8, 45371.8, 45371.8, 45371.8, 45371.8, 45371.8
45371.8, 45371.8, 45371.8, 45371.8, 45371.8, 45371.8, 45371.8, 45371.8, 45371.8
45371.8, 45371.8, 45371.8, 45371.8, 45371.8, 45371.8, 45371.8, 45371.8, 45371.8
45371.8, 45371.8, 45371.8, 45371.8, 46282.8, 46282.8, 45371.8, 45371.8, 45371.8
45371.8, 45371.8, 45371.8, 45371.8, 46282.8, 46282.8, 45371.8, 45371.8, 45371.8
45371.8, 45371.8, 45371.8, 45371.8, 46282.8, 46282.8, 45371.8, 45371.8, 45371.8
45371.8, 45371.8, 45371.8, 45371.8, 46282.8, 46282.8, 45371.8, 45371.8, 45371.8
45371.8, 45371.8, 45371.8, 45371.8, 45371.8, 45371.8, 45371.8, 45371.8, 45371.8
45371.8, 45371.8, 45371.8, 45371.8, 45371.8, 45371.8, 45371.8, 45371.8, 45371.8
45371.8, 45371.8, 45371.8, 45371.8, 45371.8, 45371.8, 45371.8, 45371.8, 45371.8
45371.8, 45371.8, 45371.8, 45371.8, 45371.8, 45371.8, 45371.8, 45371.8, 45371.8
45371.8, 45371.8, 45371.8, 45371.8, 45371.8, 45371.8, 45371.8, 45371.8, 45371.8
45371.8, 45371.8, 45371.8, 45371.8, 45371.8, 45371.8, 45371.8, 45371.8, 45371.8
45371.8, 45371.8, 45371.8, 45371.8, 45371.8, 45371.8, 45371.8, 45371.8, 45371.8
45371.8, 45371.8, 45371.8, 45371.8, 45371.8, 45371.8, 45371.8, 45371.8, 45371.8
45371.8, 45371.8, 45371.8, 45371.8, 45371.8, 45371.8, 45371.8, 45371.8, 45371.8
45371.8, 45371.8, 45371.8, 45371.8, 45371.8, 45371.8, 45371.8, 45371.8, 45371.8
