47300.4, 47300.4, 47300.4, 47300.4, 47300.4, 47300.4, 47300.4, 47300.4, 47300.4
47300.4, 47300.4, 47300.4, 47300.4, 47300.4, 47300.4, 47300.4, 47300.4, 47300.4
47300.4, 47300.4, 47300.4, 47300.4, 47300.4, 47300.4, 47300.4, 47300.4, 47300.4
47300.4, 47300.4, 47300.4, 47300.4, 47300.4, 47300.4, 47300.4, 47300.4, 47300.4
47300.4, 47300.4, 47300.4, 47300.4, 47300.4, 47300.4, 47300.4, 47300.4, 47300.4
47300.4, 47300.4, 47300.4, 47300.4, 47300.4, 47300.4, 47300.4, 47300.4, 47300.4
47300.4, 47300.4, 47300.4, 47300.4, 47300.4, 47300.4, 47300.4, 47300.4, 47300.4
47300.4, 47300.4, 47300.4, 47300.4, 47300.4, 47300.4, 47300.4, 47300.4, 47300.4
47300.4, 47300.4, 47300.4, 47300.4, 47300.4, 47300.4, 47300.4, 47300.4, 47300.4
47300.4, 47300.4, 47300.4, 47300.4, 47300.4, 47300.4, 47300.4, 47300.4, 47300.4
47300.4, 47300.4, 47300.4, 47300.4, 47300.4, 47300.4, 47300.4, 47300.4, 47300.4
47300.4, 47300.4, 47300.4, 47300.4, 47300.4, 47300.4, 47300.4, 47300.4, 47300.4
47300.4, 47300.4, 47300.4, 47300.4, 47300.4, 47300.4, 47300.4, 47300.4, 47300.4
47300.4, 47300.4, 47300.4, 47300.4, 47300.4, 47300.4, 47300.4, 47300.4, 47300.4
47300.4, 47300.4, 47300.4, 47300.4, 47300.4, 47300.4, 47300.4, 47300.4, 47300.4
47300.4, 47300.4, 47300.4, 47300.4, 47300.4, 47300.4, 47300.4, 47300.4, 47300.4
47300.4, 47300.4, 47300.4, 47300.4, 47300.4, 47300.4, 47300.4, 47300.4, 47300.4
47300.4, 47300.4, 47300.4, 47300.4, 47300.4, 47300.4, 47300.4, 47300.4, 47300.4
47300.4, 47300.4, 47300.4, 47300.4, 47300.4, 47300.4, 47300.4, 47300.4, 47300.4
47300.4, 47300.4, 47300.4, 47300.4, 47300.4, 47300.4, 47300.4, 47300.4, 47300.4
47300.4, 47300.4, 47300.4, 47300.4, 47300.4, 47300.4, 47300.4, 47300.4, 47300.4
47300.4, 47300.4, 47300.4, 47300.4, 47300.4, 47300.4, 47300.4, 47300.4, 47300.4
