49311, 49311, 49311, 49311, 49311, 49311, 49311, 49311, 49311
49311, 49311, 49311, 49311, 49311, 49311, 49311, 49311, 49311
49311, 49311, 49311, 49311, 49311, 49311, 49311, 49311, 49311
49311, 49311, 49311, 49311, 49311, 49311, 49311, 49311, 49311
49311, 49311, 49311, 49311, 49311, 49311, 49311, 49311, 49311
49311, 49311, 49311, 49311, 49311, 49311, 49311, 49311, 49311
49311, 49311, 49311, 49311, 49311, 49311, 49311, 49311, 49311
49311, 49311, 49311, 49311, 49311, 49311, 49311, 49311, 49311
49311, 49311, 49311, 49311, 49311, 49311, 49311, 49311, 49311
49311, 49311, 49311, 49311, 49311, 49311, 49311, 49311, 49311
49311, 49311, 49311, 49311, 49311, 49311, 49311, 49311, 49311
49311, 49311, 49311, 49311, 49311, 49311, 49311, 49311, 49311
49311, 49311, 49311, 49311, 49311, 49311, 49311, 49311, 49311
49311, 49311, 49311, 49311, 49311, 49311, 49311, 49311, 49311
49311, 49311, 49311, 49311, 49311, 49311, 49311, 49311, 49311
49311, 49311, 49311, 49311, 49311, 49311, 49311, 49311, 49311
49311, 49311, 49311, 49311, 49311, 49311, 49311, 49311, 49311
49311, 49311, 49311, 49311, 49311, 49311, 49311, 49311, 49311
49311, 49311, 49311, 49311, 49311, 49311, 49311, 49311, 49311
49311, 49311, 49311, 49311, 49311, 49311, 49311, 49311, 49311
49311, 49311, 49311, 49311, 49311, 49311, 49311, 49311, 49311
49311, 49311, 49311, 49311, 49311, 49311, 49311, 49311, 49311
