42330.6, 42330.6, 42330.6, 42330.6, 42330.6, 42330.6, 42330.6, 42330.6, 42330.6
42330.6, 42330.6, 42330.6, 42330.6, 42330.6, 42330.6, 42330.6, 42330.6, 42330.6
42330.6, 42330.6, 42330.6, 42330.6, 42330.6, 42330.6, 42330.6, 42330.6, 42330.6
42330.6, 42330.6, 42330.6, 42330.6, 42330.6, 42330.6, 42330.6, 42330.6, 42330.6
42330.6, 42330.6, 42330.6, 42330.6, 42330.6, 42330.6, 42330.6, 42330.6, 42330.6
42330.6, 42330.6, 42330.6, 42330.6, 42330.6, 42330.6, 42330.6, 42330.6, 42330.6
42330.6, 42330.6, 42330.6, 42330.6, 42330.6, 42330.6, 42330.6, 42330.6, 42330.6
42330.6, 42330.6, 42330.6, 42330.6, 42330.6, 42330.6, 42330.6, 42330.6, 42330.6
42330.6, 42330.6, 42330.6, 42330.6, 44487.6, 44487.6, 42330.6, 42330.6, 42330.6
42330.6, 42330.6, 42330.6, 42330.6, 44487.6, 44487.6, 42330.6, 42330.6, 42330.6
42330.6, 42330.6, 42330.6, 42330.6, 44487.6, 44487.6, 42330.6, 42330.6, 42330.6
42330.6, 42330.6, 42330.6, 42330.6, 44487.6, 44487.6, 42330.6, 42330.6, 42330.6
42330.6, 42330.6, 42330.6, 42330.6, 42330.6, 42330.6, 42330.6, 42330.6, 42330.6
42330.6, 42330.6, 42330.6, 42330.6, 42330.6, 42330.6, 42330.6, 42330.6, 42330.6
42330.6, 42330.6, 42330.6, 42330.6, 42330.6, 42330.6, 42330.6, 42330.6, 42330.6
42330.6, 42330.6, 42330.6, 42330.6, 42330.6, 42330.6, 42330.6, 42330.6, 42330.6
42330.6, 42330.6, 42330.6, 42330.6, 42330.6, 42330.6, 42330.6, 42330.6, 42330.6
42330.6, 42330.6, 42330.6, 42330.6, 42330.6, 42330.6, 42330.6, 42330.6, 42330.6
42330.6, 42330.6, 42330.6, 42330.6, 42330.6, 42330.6, 42330.6, 42330.6, 42330.6
42330.6, 42330.6, 42330.6, 42330.6, 42330.6, 42330.6, 42330.6, 42330.6, 42330.6
42330.6, 42330.6, 42330.6, 42330.6, 42330.6, 42330.6, 42330.6, 42330.6, 42330.6
42330.6, 42330.6, 42330.6, 42330.6, 42330.6, 42330.6, 42330.6, 42330.6, 42330.6
