46648.6, 46648.6, 46648.6, 46648.6, 46648.6, 46648.6, 46648.6, 46648.6, 46648.6
46648.6, 46648.6, 46648.6, 46648.6, 46648.6, 46648.6, 46648.6, 46648.6, 46648.6
46648.6, 46648.6, 46648.6, 46648.6, 46648.6, 46648.6, 46648.6, 46648.6, 46648.6
46648.6, 46648.6, 46648.6, 46648.6, 46648.6, 46648.6, 46648.6, 46648.6, 46648.6
46648.6, 46648.6, 46648.6, 46648.6, 46648.6, 46648.6, 46648.6, 46648.6, 46648.6
46648.6, 46648.6, 46648.6, 46648.6, 46648.6, 46648.6, 46648.6, 46648.6, 46648.6
46648.6, 46648.6, 46648.6, 46648.6, 46648.6, 46648.6, 46648.6, 46648.6, 46648.6
46648.6, 46648.6, 46648.6, 46648.6, 46648.6, 46648.6, 46648.6, 46648.6, 46648.6
46648.6, 46648.6, 46648.6, 46648.6, 46648.6, 46648.6, 46648.6, 46648.6, 46648.6
46648.6, 46648.6, 46648.6, 46648.6, 46648.6, 46648.6, 46648.6, 46648.6, 46648.6
46648.6, 46648.6, 46648.6, 46648.6, 46648.6, 46648.6, 46648.6, 46648.6, 46648.6
46648.6, 46648.6, 46648.6, 46648.6, 46648.6, 46648.6, 46648.6, 46648.6, 46648.6
46648.6, 46648.6, 46648.6, 46648.6, 46648.6, 46648.6, 46648.6, 46648.6, 46648.6
46648.6, 46648.6, 46648.6, 46648.6, 46648.6, 46648.6, 46648.6, 46648.6, 46648.6
46648.6, 46648.6, 46648.6, 46648.6, 46648.6, 46648.6, 46648.6, 46648.6, 46648.6
46648.6, 46648.6, 46648.6, 46648.6, 46648.6, 46648.6, 46648.6, 46648.6, 46648.6
46648.6, 46648.6, 46648.6, 46648.6, 46648.6, 46648.6, 46648.6, 46648.6, 46648.6
46648.6, 46648.6, 46648.6, 46648.6, 46648.6, 46648.6, 46648.6, 46648.6, 46648.6
46648.6, 46648.6, 46648.6, 46648.6, 46648.6, 46648.6, 46648.6, 46648.6, 46648.6
46648.6, 46648.6, 46648.6, 46648.6, 46648.6, 46648.6, 46648.6, 46648.6, 46648.6
46648.6, 46648.6, 46648.6, 46648.6, 46648.6, 46648.6, 46648.6, 46648.6, 46648.6
46648.6, 46648.6, 46648.6, 46648.6, 46648.6, 46648.6, 46648.6, 46648.6, 46648.6
