44746.6, 44746.6, 44746.6, 44746.6, 44746.6, 44746.6, 44746.6, 44746.6, 44746.6
44746.6, 44746.6, 44746.6, 44746.6, 44746.6, 44746.6, 44746.6, 44746.6, 44746.6
44746.6, 44746.6, 44746.6, 44746.6, 44746.6, 44746.6, 44746.6, 44746.6, 44746.6
44746.6, 44746.6, 44746.6, 44746.6, 44746.6, 44746.6, 44746.6, 44746.6, 44746.6
44746.6, 44746.6, 44746.6, 44746.6, 44746.6, 44746.6, 44746.6, 44746.6, 44746.6
44746.6, 44746.6, 44746.6, 44746.6, 44746.6, 44746.6, 44746.6, 44746.6, 44746.6
44746.6, 44746.6, 44746.6, 44746.6, 44746.6, 44746.6, 44746.6, 44746.6, 44746.6
44746.6, 44746.6, 44746.6, 44746.6, 44746.6, 44746.6, 44746.6, 44746.6, 44746.6
44746.6, 44746.6, 44746.6, 44746.6, 46101, 46101, 44746.6, 44746.6, 44746.6
44746.6, 44746.6, 44746.6, 44746.6, 46101, 46101, 44746.6, 44746.6, 44746.6
44746.6, 44746.6, 44746.6, 44746.6, 46101, 46101, 44746.6, 44746.6, 44746.6
44746.6, 44746.6, 44746.6, 44746.6, 46101, 46101, 44746.6, 44746.6, 44746.6
44746.6, 44746.6, 44746.6, 44746.6, 44746.6, 44746.6, 44746.6, 44746.6, 44746.6
44746.6, 44746.6, 44746.6, 44746.6, 44746.6, 44746.6, 44746.6, 44746.6, 44746.6
44746.6, 44746.6, 44746.6, 44746.6, 44746.6, 44746.6, 44746.6, 44746.6, 44746.6
44746.6, 44746.6, 44746.6, 44746.6, 44746.6, 44746.6, 44746.6, 44746.6, 44746.6
44746.6, 44746.6, 44746.6, 44746.6, 44746.6, 44746.6, 44746.6, 44746.6, 44746.6
44746.6, 44746.6, 44746.6, 44746.6, 44746.6, 44746.6, 44746.6, 44746.6, 44746.6
44746.6, 44746.6, 44746.6, 44746.6, 44746.6, 44746.6, 44746.6, 44746.6, 44746.6
44746.6, 44746.6, 44746.6, 44746.6, 44746.6, 44746.6, 44746.6, 44746.6, 44746.6
44746.6, 44746.6, 44746.6, 44746.6, 44746.6, 44746.6, 44746.6, 44746.6, 44746.6
44746.6, 44746.6, 44746.6, 44746.6, 44746.6, 44746.6, 44746.6, 44746.6, 44746.6
